ISS (ZARYA)
1 25544U 98067A   26237.53157716  .00007217  00000+0  13603-3 0  9997
2 25544  51.6331 316.8722 0007738  83.0953 277.0916 15.49622505582504
METOP-B
1 38771U 12049A   26237.59476989  .00000074  00000+0  53585-4 0  9999
2 38771  98.6450 287.6900 0003182 129.2613 230.8848 14.21455087723125
METOP-C
1 43689U 18087A   26237.54047218  .00000070  00000+0  51936-4 0  9999
2 43689  98.6588 295.8553 0000992  47.0836 313.0425 14.21511327404688
SUOMI NPP
1 37849U 11061A   26237.55756518  .00000038  00000+0  38961-4 0  9993
2 37849  98.7976 177.9672 0002685 110.2548 249.8917 14.19529591768287
NOAA 20 (JPSS-1)
1 43013U 17073A   26237.57111283  .00000043  00000+0  41428-4 0  9996
2 43013  98.7789 176.4233 0001987  74.4877 285.6518 14.19522723454317